version https://git-lfs.github.com/spec/v1
oid sha256:9fabdeefa7c42f3d9ff1a1fd874130d3a6e75a9a7328310d734ee0e3b02e3582
size 510
